22 serialization::archive 9 0 0 1 2 13911 0 0 2 0 3 21 MinuteFrequencyVector 1 0
0 1 0
1 60 0 0 0 0.027104091858470382 0.94062133934211112 0.94089511804775228 0.92274469442791995 0 0 0.01724322985330079 0.01724322985330079 0 0 0.020662606957299542 0.1526797322759062 0.1526797322759062 0 0 0.026833050939885677 0.026833050939885677 0.027654414711223735 0 0.027933752233559327 0.047192652175880159 0.04747481128935048 0.028500920552555174 0.028500920552555174 0 0 0.73970037338828021 0.73970037338828021 0.77596090297054077 0.80315802946396342 0.78199264796849011 0.78835816802232161 0.79613638161631328 0.78567814080721876 0.82269388832945833 0.8307101942248486 0.21983479783149479 0.19046145976502743 0.22205535134494422 0.029670038450977095 0.029969735809067772 0.030272460413199771 0.030578242841615932 0 0.85145777109487542 0.85145777109487542 0.86005835464128833 0.88879471963703915 0.89756992986702866 0.90663629279497848 0.91558967533756563 0.9043820750088043 0.017593337264871736 0 0 0 0 0 1 1 60 60 0 0 0 1 1 1 0 0 0 0 0 0 0 0 0 0 0 0 0 0 0 0 0 0 0 0 0 0 1 1 1 1 1 1 1 1 1 1 0 0 0 0 0 0 0 0 1 1 1 1 1 1 1 1 0 0 0 0 0 0 21 minuteFrequencyVector 6 19 HourFrequencyVector 1 0
2
3 24 0 0 0 0 0 0 0 0 0 0 0 1.9227446944279198 1 0 2.7775547367628302 1.88334070442792 0 1.9227446944279198 0 0.92274469442791995 0.96059600999999994 0 0.93206534790698992 0 0 2 1 24 24 0 0 0 0 0 0 0 0 0 0 1 1 0 1 1 0 1 0 0 1 0 1 0 0 19 hourFrequencyVector 7 1#15711 0 3 121412 2 0 3
4
5 60 0 0 0 0 0 0 0 0 0 0 0 0 0 0 0 0 0 0 0 0.027654414711223735 0 0 0.027933752233559327 0.027933752233559327 0 0 0 0 0 0 0.74717209433159615 0.77596090297054077 0.028788808638944622 0 0.77782135939914654 0.77782135939914654 0 0 0 0 0 0 0 0 0.030578242841615932 0.030578242841615932 0 0 0 0 0.87752102299896784 0.87752102299896784 0 0 0 0 0 0 0 0 0 1 1 60 60 0 0 0 0 0 0 0 0 0 0 0 0 0 0 0 0 0 0 0 0 0 0 0 0 0 0 0 0 0 0 0 0 0 0 0 0 0 0 0 0 0 0 0 0 0 0 0 0 0 0 0 0 0 0 0 0 0 0 0 0 21 minuteFrequencyVector 6
6
7 24 0 0 0 0 0 0 0 0 0 0 0 1 0 0 2.7961960437209696 0 0 2 0 0 0 0 0 0 0 2 1 24 24 0 0 0 0 0 0 0 0 0 0 0 0 0 0 0 0 0 0 0 0 0 0 0 0 19 hourFrequencyVector 7 2#13911 1 3 15678 2 0 3
8
9 60 0 0 0 0 0 0 0 0.016900089579220106 0.016900089579220106 0 0.017417403892223019 0.017417403892223019 0 0 0.039746967992357045 0.020871320158888425 0 0 0.017950553275045134 0.017950553275045134 0 0 0 0 0 0 0 0 0 0 0 0 0 0 0 0 0.018686891355133916 0.018686891355133916 0 0 0 0 0 0 0 0 0 0.01984841779938018 0.01984841779938018 0 0 0 0 0 0 0 0 0 0 0 0 1 1 60 60 0 0 0 0 0 0 0 0 0 0 0 0 0 0 0 0 0 0 0 0 0 0 0 0 0 0 0 0 0 0 0 0 0 0 0 0 0 0 0 0 0 0 0 0 0 0 0 0 0 0 0 0 0 0 0 0 0 0 0 0 21 minuteFrequencyVector 6
10
11 24 0 0 0 0 0 0 0 0 0 0 0 0.92274469442791995 0.92274469442791995 0 1.8454893888558399 0.92274469442791995 0 1.8454893888558399 0 0 0 0 0 0 0 2 1 24 24 0 0 0 0 0 0 0 0 0 0 0 0 0 1 1 0 0 0 0 0 0 0 0 0 19 hourFrequencyVector 6 2#3579 1 1 15711 2 0 3
12
13 60 0 0 0 0.027104091858470382 0.94062133934211112 0.94089511804775228 0.92274469442791995 0.016900089579220106 0.016900089579220106 0.017070797554767782 0.01724322985330079 0.017417403892223019 0 0.020662606957299542 0.17155538010937471 0.17155538010937471 0 0 0.044783604214930856 0.044783604214930856 0.027654414711223735 0 0.047000063176456976 0.047000063176456976 0.04747481128935048 0.028500920552555174 0.028500920552555174 0 0 0.73970037338828021 0.73970037338828021 0.77596090297054077 0.80315802946396342 0.78047458634209843 0.78817501780015009 0.79613638161631328 0.80417816324880131 0.84138077968459191 0.85016362851002103 0.23928823211666755 0.19046145976502743 0.22205535134494422 0.029670038450977095 0.029969735809067772 0.030272460413199771 0.030578242841615932 0 0.8713061888942556 0.8713061888942556 0.86005835464128833 0.88879471963703915 0.89756992986702866 0.90663629279497848 0.91558967533756563 0.9248380558965309 0.017593337264871736 0.017593337264871736 0 0 0 0 1 1 60 60 0 0 0 1 1 1 0 0 0 0 0 0 0 0 0 0 0 0 0 0 0 0 0 0 0 0 0 0 1 1 1 1 1 1 1 1 1 1 0 0 0 0 0 0 0 0 1 1 1 1 1 1 1 1 0 0 0 0 0 0 21 minuteFrequencyVector 6
14
15 24 0 0 0 0 0 0 0 0 0 0 0 0.92274469442791995 0.92274469442791995 0.92274469442791995 0.92274469442791995 0.92274469442791995 0 0.92274469442791995 0 0.92274469442791995 0.96059600999999994 0 0.93206534790698992 0 0 2 1 24 24 0 0 0 0 0 0 0 0 0 0 1 1 1 1 1 0 1 0 1 1 0 1 0 0 19 hourFrequencyVector 0  0 3 1413910 2 0 3
16
17 60 0 0 0 0.027104091858470382 0.94062133934211112 0.91351724748364072 0 0 0 0.01724322985330079 0.01724322985330079 0 0 0.020662606957299542 0 0 0 0 0 0 0 0 0 0.019258899942320787 0.019258899942320787 0.028500920552555174 0.028500920552555174 0 0 0.73970037338828021 0 0 0.78199264796849011 0.78199264796849011 0.01831502221716675 0.01831502221716675 0.79361428364365527 0.82269388832945833 0.029079604685802649 0.19046145976502743 0.19046145976502743 0.029670038450977095 0.029670038450977095 0.029969735809067772 0 0 0 0 0.86005835464128833 0.86005835464128833 0.020048906868060788 0.020048906868060788 0.91558967533756563 0.91558967533756563 0 0.017593337264871736 0 0 0 0 0 1 1 60 60 0 0 0 0 0 0 0 0 0 0 0 0 0 0 0 0 0 0 0 0 0 0 0 0 0 0 0 0 0 0 0 0 0 0 0 0 0 0 0 0 0 0 0 0 0 0 0 0 0 0 0 0 0 0 0 0 0 0 0 0 21 minuteFrequencyVector 6
18
19 24 0 0 0 0 0 0 0 0 0 0 0 2.9227446944279198 1 0 4.6416854325768098 0.92274469442791995 0 3.9227446944279198 0 0.92274469442791995 0.96059600999999994 0 0 0 0 2 1 24 24 0 0 0 0 0 0 0 0 0 0 0 0 0 0 0 0 0 0 0 0 0 0 0 0 19 hourFrequencyVector 7 2#13911 1 3 12141011 2 0 3
20
21 60 0 0 0 0 0.027377870564111496 0.9501225649920314 0.92274469442791995 0 0 0 0 0 0 0 0 0 0 0 0 0 0 0 0.027933752233559327 0 0 0 0 0 0 0.73970037338828021 0.73970037338828021 0.028788808638944622 0 0.77004314580515509 0.77004314580515509 0 0 0.80163058953904576 0.83100392760551345 0.029373338066467324 0.1923853128939671 0.1923853128939671 0 0.030272460413199771 0.030272460413199771 0 0 0 0 0.86874581276897811 0.86874581276897811 0 0 0.9043820750088043 0.9043820750088043 0 0 0 0 0 0 1 1 60 60 0 0 0 0 1 1 0 0 0 0 0 0 0 0 0 0 0 0 0 0 0 0 0 0 0 0 0 0 0 0 0 0 0 0 0 0 0 0 0 0 0 0 0 0 0 0 0 0 0 0 0 0 1 1 0 0 0 0 0 0 21 minuteFrequencyVector 6
22
23 24 0 0 0 0 0 0 0 0 0 0 0 2 1 0 2.7961960437209696 0 0 3 0 0 0.96059600999999994 0 0 0 0 2 1 24 24 0 0 0 0 0 0 0 0 0 0 1 1 0 0 0 0 0 0 0 0 0 0 0 0 19 hourFrequencyVector 7 2#13911 1 2 3579 2 0 3
24
25 60 0 0 0 0 0 0 0 0.016900089579220106 0.016900089579220106 0.017070797554767782 0.017417403892223019 0.017417403892223019 0 0.020662606957299542 0.03953825479076814 0.039746967992357045 0 0 0.017950553275045134 0.017950553275045134 0 0 0.019066310942897579 0.019066310942897579 0 0 0 0 0 0 0 0 0.019649933621386378 0.018131871994995084 0.018131871994995084 0.018500022441582577 0.018500022441582577 0.018686891355133916 0.019453434285172513 0.019453434285172513 0 0 0 0 0 0 0 0.01984841779938018 0.01984841779938018 0 0.020048906868060788 0 0.02025142107884928 0 0.020455980887726547 0.038049318152598273 0.017593337264871736 0 0 0 0 1 1 60 60 0 0 0 0 0 0 0 0 0 0 0 0 0 0 0 0 0 0 0 0 0 0 0 0 0 0 0 0 0 0 0 0 0 0 0 0 0 0 0 0 0 0 0 0 0 0 0 0 0 0 0 0 0 0 0 0 0 0 0 0 21 minuteFrequencyVector 6
26
27 24 0 0 0 0 0 0 0 0 0 0 0 0.92274469442791995 0.92274469442791995 0.92274469442791995 5.5364681665675199 0.92274469442791995 0 1.8454893888558399 0 0.92274469442791995 0 0 0 0 0 2 1 24 24 0 0 0 0 0 0 0 0 0 0 0 0 0 1 1 0 0 0 0 0 0 0 0 0 19 hourFrequencyVector 7 1#15711 0 3 231314 2 0 3
28
29 60 0 0 0 0.027104091858470382 0.91351724748364072 0 0 0 0 0 0 0 0 0 0.1526797322759062 0.1526797322759062 0 0 0.026833050939885677 0.054487465651109471 0.027654414711223735 0 0 0.028215911347029624 0.028215911347029624 0 0 0 0 0 0 0.75471928720363246 0.75471928720363246 0 0 0.78567814080721876 0.78567814080721876 0 0 0.19046145976502743 0 0.029670038450977095 0 0 0 0 0 0.85145777109487542 0.85145777109487542 0 0 0.88638487171612912 0.88638487171612912 0 0 0 0 0 0 0 0 1 1 60 60 0 0 0 0 0 0 0 0 0 0 0 0 0 0 0 0 0 0 0 0 0 0 0 0 0 0 0 0 0 0 0 0 0 0 0 0 0 0 0 0 0 0 0 0 0 0 0 0 0 0 0 0 0 0 0 0 0 0 0 0 21 minuteFrequencyVector 6
30
31 24 0 0 0 0 0 0 0 0 0 0 0 2 1 0 1.8641306958139798 0.96059600999999994 0 2 0 0 0.96059600999999994 0 0.93206534790698992 0 0 2 1 24 24 0 0 0 0 0 0 0 0 0 0 0 0 0 0 0 0 0 0 0 0 0 0 0 0 19 hourFrequencyVector 7 2#13911 0 3 131589 2 0 3
32
33 60 0 0 0 0 0 0 0 0 0.017070797554767782 0.017070797554767782 0.017417403892223019 0 0 0.020662606957299542 0.03953825479076814 0.018875647833468602 0 0 0.017950553275045134 0 0 0 0.019066310942897579 0.019066310942897579 0 0 0 0 0 0 0 0 0.019649933621386378 0.018131871994995084 0.018131871994995084 0.018500022441582577 0.018500022441582577 0 0.019453434285172513 0.019453434285172513 0 0 0 0 0 0 0 0.01984841779938018 0 0 0.020048906868060788 0 0.02025142107884928 0 0.020455980887726547 0.038049318152598273 0.017593337264871736 0 0 0 0 1 1 60 60 0 0 0 0 0 0 0 0 0 0 0 0 0 0 0 0 0 0 0 0 0 0 0 0 0 0 0 0 0 0 0 0 0 0 0 0 0 0 0 0 0 0 0 0 0 0 0 0 0 0 0 0 0 0 0 0 0 0 0 0 21 minuteFrequencyVector 6
34
35 24 0 0 0 0 0 0 0 0 0 0 0 0.92274469442791995 0.92274469442791995 0.92274469442791995 6.4592128609954402 0.92274469442791995 0 1.8454893888558399 0 0.92274469442791995 0 0 0 0 0 2 1 24 24 0 0 0 0 0 0 0 0 0 0 0 0 0 0 0 0 0 0 0 0 0 0 0 0 19 hourFrequencyVector 6 2#3579