22 serialization::archive 9 0 0 0 2 13911 0 0 2 0 3 21 MinuteFrequencyVector 1 0
0 1 0
1 60 0 0.48413513893390286 0.48902517073538332 0.4939647907861619 0.49895426901226791 0.50399417349941267 0.50908502373678044 0.51422729670381861 0.51942175092788956 0.52466886358152931 0.52996854474598043 0.53532176236967721 0.54072905289866391 0.54619096252390298 0.55170763998835171 0.55728048640047934 0.56290953131529742 0.56859544330163836 0.57433883161781651 0.58014013321391322 0.58600013455950828 0.59191936546197732 0.59789831094736079 0.60393803813583791 0.61003845759671549 0.61620016422019297 0.6224244078148401 0.62871148171439362 0.63506214692966434 0.64147690142476432 0.64795647958405111 0.6545014968795595 0.66111257425094938 0.66779106962459756 0.67453613270713486 0.68134975847496193 0.68823170652915533 0.69518391403319613 0.70220597001247531 0.70929862976603042 0.71646295163193285 0.72369990129159911 0.39997691298363136 0.40401708382184987 0.40809838128080045 0.41222058715232368 0.41638410822009492 0.42059000830312621 0.75587153141035301 0.76016283962551534 0.76784124671447374 0.77559721832387674 0.78343153366048157 0.79134522916550976 0.79933117985794888 0.80740560802272987 0.81556865206952955 0.82380664414857274 0.83212826328805412 0.84053359584747156 0.84902377200140966 1 1 60 60 0 0 0 0 0 0 0 0 0 0 0 0 0 0 0 0 0 0 0 0 0 0 0 0 0 0 0 0 0 0 0 0 0 0 0 0 0 0 0 0 0 0 0 0 0 0 0 0 0 0 0 0 0 0 0 0 0 0 0 0 21 minuteFrequencyVector 6 19 HourFrequencyVector 1 0
2
3 24 0 0.89533825425871627 0.9043820750088043 0.91351724748364072 0.92274469442791995 0.93206534790698992 0.94148014940099989 0.95099004989999991 0.96059600999999994 0.97029899999999991 2.5047854286942068 1.7756781408072186 4.7537495590254943 3.8429851410320697 21.384883876910845 15.432847207061151 0.81790693759723065 1.5885113381826899 0.83451376145008738 1.6052859077310304 17.154749028372859 3.1625651427346408 2.3934312414631851 1.6398637373460716 0.88638487171612912 2 1 24 24 0 0 0 0 0 0 0 0 0 0 0 0 0 0 0 0 0 0 0 0 0 0 0 0 19 hourFrequencyVector 7 1#15711 1 3 341513 2 0 3
4
5 60 0 0.64261168615653674 0.64910285342378504 0.65565938239577592 0.6622821276292532 0.66897184609015481 0.6757291374648029 0.68255472387095673 0.68944945473749375 0.69641397898206292 0.70344855472884127 0.71055409568569827 0.71773140978353367 0.7249812220035694 0.73230381427644908 0.73970061385551733 0.74717233173210429 0.75471952656904029 0.76234295613034375 0.77004328928717247 0.77782135939914654 0.78567817843130938 0.79361432126774578 0.80163058953904576 0.80972790699702812 0.81790693759723065 0.82616866460969318 0.83451380222419391 0.84294323498591284 1.3220444989167059 1.3306450408611326 1.3440859486862551 1.3576625734819587 1.3713765861416263 1.385228527262921 1.3992207993479393 1.4133543427756963 1.4276306492683801 1.4420511608771516 1.4566173802197988 1.4713307359793044 1.4861926156417358 1.5012046124126122 1.5163682953662749 1.5316854636489061 0.54715703398879412 0.55268354946905529 0.5582662115849043 0.56390531509113639 0.56960132786110784 0.57535482524964388 0.5811664901511554 0.58703685873854083 0.59296684722522242 0.59895641133860855 0.60500647609960456 0.61111765262586315 0.61729055820794254 0.62352581637165916 0.62982405694106991 0.63618591610209085 1 1 60 60 1 1 1 1 1 1 1 1 1 1 1 1 1 1 1 1 1 1 1 1 1 1 1 1 1 1 1 1 1 1 1 1 1 1 1 1 1 1 1 1 1 1 1 1 0 0 0 0 0 0 0 0 0 0 0 0 0 0 0 0 21 minuteFrequencyVector 6
6
7 24 0 0 0 0 0 0 0 0 0 0 1.5246854286942071 0.98999999999999999 4.9580714182182772 2.2870281430413097 19.820910573024683 13.860776624492802 0 0 0 0 14.763127183531735 1.5246854286942071 1.5246854286942071 0.76234271434710354 0 2 1 24 24 0 0 0 0 0 0 0 0 0 0 1 1 0 0 0 0 0 0 0 0 0 0 0 0 19 hourFrequencyVector 6 2#3579 1 3 121412 2 0 3
8
9 60 0 3.9521232015132863e-07 3.9920436378922086e-07 4.0323673110022311e-07 4.0730982939416474e-07 4.1142407009511593e-07 4.1557986878294539e-07 4.1977764523529839e-07 4.2401782346999836e-07 0 0 0 0 0 0 0 0.41294967113388825 0.41294967113388825 0.41712087993322045 0.42133422215476812 0.42559012338865465 0.42988901352389358 0.4342313267918117 0.43861750180991083 0.44304798162617254 0.44752321376381066 0.45204365026647542 0.45660974774391455 0.46122196741809551 0.46588077516979343 0 0 0 0 0 0 0 0 0 0 0 0 0 0 0 0 0 0 0 6.2187955705246047e-08 5.7383606184334281e-08 5.7383606184334281e-08 5.7963238570034629e-08 5.8548725828317806e-08 5.9140127099310917e-08 4.3558048618232332e-07 4.3558048618232332e-07 4.3998028907305388e-07 4.4442453441722613e-07 4.4891367112851125e-07 3.9126019694981536e-07 1 1 60 60 0 0 0 0 0 0 0 0 0 0 0 0 0 0 0 0 0 0 0 0 0 0 0 0 0 0 0 0 0 0 0 0 0 0 0 0 0 0 0 0 0 0 0 0 0 0 0 0 0 0 0 0 0 0 0 0 0 0 0 0 21 minuteFrequencyVector 6
10
11 24 0 0 0 0 0 0 0 0 0 0 0 1.7756781408072186 0.78567814080721876 0 0 0 0 0.76234271434710354 0 0.76234271434710354 0 0 0 0 0 2 1 24 24 0 0 0 0 0 0 0 0 0 0 1 0 0 0 0 0 0 0 0 0 0 0 0 0 19 hourFrequencyVector 7 2#13911 1 1 15711 2 0 3
12
13 60 0 1.1267469288001919 1.13812786023031 1.1496241012427373 1.1612364659017549 1.172966089549399 1.1848142318680797 1.1967820919550753 1.2088707995549941 1.2210815757494129 1.2334157287539442 1.2458744734888325 1.2584590641301339 1.27117077184862 1.2840109280637071 1.296980729977151 1.3100815450027117 1.323314691921931 1.3366815069918494 1.3501833403958075 1.3638215587019593 1.3775975242579379 1.3915126503855524 1.4055686840330024 1.419766343969596 1.4341070643023981 1.4485929954437677 1.4632252479229977 1.4780053009323209 1.4929346474063847 1.5080151492086942 1.523247624527468 1.5386339641691595 1.5541757242422525 1.569874419578319 1.5857318016867246 1.6017489218945724 1.617928576018465 1.634271285149111 1.6507786793450658 1.6674532109950124 1.6842961727222348 1.9011817229274115 1.9203855787145572 1.9397834321381173 0.95937720417991645 0.96906796391859407 0.97885620596380263 0.75587151808322572 0.76016281483977421 0.7678412271108831 0.77559719910190217 0.78343151978667003 0.79134529272838283 0.79933124001414635 0.80740566878656561 0.8155687134471421 0.82380670614616003 0.83212798600622229 0.84053331919820429 0.8490235749564945 1 1 60 60 1 1 1 1 1 1 1 1 1 1 1 1 1 1 1 1 1 1 1 1 1 1 1 1 1 1 1 1 1 1 1 1 1 1 1 1 1 1 1 1 1 1 1 1 0 0 0 0 0 0 0 0 0 0 0 0 0 0 0 0 21 minuteFrequencyVector 6
14
15 24 0 0.89533825425871627 0.9043820750088043 0.91351724748364072 0.92274469442791995 0.93206534790698992 0.94148014940099989 0.95099004989999991 0.96059600999999994 0.97029899999999991 1.7424427143471035 1.7523427143471035 1.7756781408072186 0.76234271434710354 0.76234271434710354 0.76234271434710354 0.77004314580515509 0.76234271434710354 0.83451376145008738 0.76234271434710354 0.76234271434710354 0.76234271434710354 0.76234271434710354 0.76234271434710354 0.88638487171612912 2 1 24 24 1 1 1 1 1 1 1 1 1 1 1 1 0 0 0 0 0 0 0 0 0 0 0 0 19 hourFrequencyVector 0  0 3 1413910 2 0 3
16
17 60 0 4.3087893820995338e-07 1.4901256750909071e-07 8.5778817191065647e-08 8.6645269889965304e-08 8.7520474636328596e-08 8.8404519834675351e-08 8.9297494782500353e-08 9.0199489679293292e-08 7.6093248954378668e-07 7.6861867630685529e-07 7.7638250132005589e-07 7.8422474880813723e-07 7.9214621091731034e-07 3.4977406734264465e-07 3.5330713872994411e-07 3.5428465168909757e-07 3.5786328453444201e-07 3.6147806518630506e-07 2.6438588082003767e-07 2.6705644527276534e-07 2.697539851240054e-07 2.7247877285253073e-07 2.7523108368942497e-07 2.7801119564588383e-07 2.8081938954129678e-07 2.8365594903161292e-07 2.8652116063799287e-07 2.8941531377575036e-07 2.9233870078358624e-07 0 0 0 2.952916169531174e-07 0 6.4738927767611745e-08 6.5392856330920952e-08 6.6053390233253486e-08 6.6720596195205541e-08 6.7394541611318731e-08 6.8075294556887608e-08 6.8762923794835975e-08 1.3822042257749891e-07 1.3961658846212012e-07 1.4102685703244456e-07 4.6246580023075406e-07 1.4389027347458889e-07 1.4534371058039281e-07 1.4681182886908364e-07 1.4829477663543803e-07 1.4979270367215964e-07 1.5130576128500972e-07 1.5283410230809064e-07 7.6801056436226261e-08 4.048724476350759e-07 4.0896206831825851e-07 4.1309299830127122e-07 4.172656548497689e-07 7.613861172475284e-07 7.6564349562575389e-07 7.7337726830884229e-07 1 1 60 60 0 0 0 0 0 0 0 0 0 0 0 0 0 0 0 0 0 0 0 0 0 0 0 0 0 0 0 0 0 0 0 0 0 0 0 0 0 0 0 0 0 0 0 0 0 0 0 0 0 0 0 0 0 0 0 0 0 0 0 0 21 minuteFrequencyVector 6
18
19 24 0 0 0 0 0 0 0 0 0 0 0 0 3.9680714182182775 0 19.058567858677591 13.860776624492802 0 0 0 0 13.207484464733447 0.77782135939914654 0 0 0 2 1 24 24 0 0 0 0 0 0 0 0 0 0 0 0 0 0 0 0 0 0 0 0 0 0 0 0 19 hourFrequencyVector 7 2#13911 1 2 3579 2 0 3
20
21 60 0 0.6426119580099271 0.6491030907790446 0.65565962252104171 0.66228237018002667 0.66897209109093603 0.67572938494033941 0.68255497384624597 0.68944946813193464 0.69641423403286373 0.70344896276637892 0.71055450784482721 0.71773182610588604 0.72498164253119801 0.73230423905183206 0.73970104292156058 0.74717250859879192 0.75471970522226028 0.76234313658814168 0.77004347156777608 0.77782169119889599 0.78567851310848624 0.79361461191696536 0.80163092112824785 0.80972820315984628 0.81790723714326696 0.82616896718144694 0.83451410785222824 0.84294354328507903 1.322044810750227 1.3306453558444877 1.344086218024735 1.3576628464896314 1.3713769107666689 1.3852288551670051 1.399221130564186 1.4133546773375616 1.4276309872096582 1.442051502231978 1.456617725022654 1.471331034911767 1.4861929645573404 1.5012050176217024 1.5163687046683862 1.5316858262214217 0.54715771703794369 0.55268400031183929 0.55826634373475736 0.56390544857583669 0.56960146269413836 0.57535501282236201 0.58116667961854751 0.58703699769883089 0.59296698758915212 0.598956953944079 0.60500702418593844 0.61111820624842261 0.61729111742264908 0.62352604132934131 0.62982428760444231 0.63618614909539628 1 1 60 60 1 1 1 1 1 1 1 1 1 1 1 1 1 1 1 1 1 1 1 1 1 1 1 1 1 1 1 1 1 1 1 1 1 1 1 1 1 1 1 1 1 1 1 1 0 0 0 0 0 0 0 0 0 0 0 0 0 0 0 0 21 minuteFrequencyVector 6
22
23 24 0 0 0 0 0 0 0 0 0 0 0.76234271434710354 1.7523427143471035 4.9580714182182772 0.76234271434710354 19.820910573024683 14.623119338839894 0.77004314580515509 0 0 0 13.207484464733447 0.76234271434710354 0.76234271434710354 0.76234271434710354 0 2 1 24 24 0 0 0 0 0 0 0 0 0 0 1 1 0 0 0 0 0 0 0 0 0 0 0 0 19 hourFrequencyVector 7 1#15711 0 3 231314 2 0 3
24
25 60 0 0.48413439691446303 0.48902477153101959 0.49396438754943156 0.49895386170243883 0.50399376207534219 0.50908460815691126 0.51422687692617297 0.51942132691006637 0.52466886358152931 0.52996854474598043 0.53532176236967721 0.54072905289866391 0.54619096252390298 0.55170763998835171 0.55728022986712344 0.5629092747819413 0.56859518417703681 0.57433856987579479 0.58013986882803192 0.58599986750306254 0.59191909570799173 0.59789803846858747 0.60393776290475443 0.61003817958551931 0.61619988340080301 0.62242412415889081 0.62871119519323337 0.6350618575143504 0.64147660908606274 0.64795647958405111 0.6545014968795595 0.66111257425094938 0.66779106962459756 0.67453613270713486 0.68134975847496193 0.68823170652915533 0.69518391403319613 0.70220597001247531 0.70929862976603042 0.71646295163193285 0.72369983252867554 0.39997684422070756 0.40401701436435106 0.40809831112171047 0.41222051628455603 0.41638403663649148 0.42058993599645605 0.75587145837331404 0.76016270366277117 0.76784111481088002 0.77559708566755559 0.78343139966419761 0.79134517139255278 0.79933112071782142 0.80740517244224386 0.8155682164890421 0.82380620416828321 0.83212747895786188 0.84053280702814337 0.849023037402165 1 1 60 60 0 0 0 0 0 0 0 0 0 0 0 0 0 0 0 0 0 0 0 0 0 0 0 0 0 0 0 0 0 0 0 0 0 0 0 0 0 0 0 0 0 0 0 0 0 0 0 0 0 0 0 0 0 0 0 0 0 0 0 0 21 minuteFrequencyVector 6
26
27 24 0 0.89533825425871627 0.9043820750088043 0.91351724748364072 0.92274469442791995 0.93206534790698992 0.94148014940099989 0.95099004989999991 0.96059600999999994 0.97029899999999991 2.5047854286942068 1.7756781408072186 4.7616857018619303 3.8429851410320697 21.384883876910845 15.432847207061151 0.81790693759723065 0.82616862383558654 0.83451376145008738 0.84294319338392665 16.376927668973718 2.3847437833354954 2.3934312414631851 1.6398637373460716 0.88638487171612912 2 1 24 24 0 0 0 0 0 0 0 0 0 0 0 0 0 0 0 0 0 0 0 0 0 0 0 0 19 hourFrequencyVector 7 2#13911 1 3 45615 2 0 3
28
29 60 0 3.6506617392478451e-08 7.567406147186247e-08 0 0 0 0 0 0 0 0 0 0 0 0 4.7887409042459305e-08 4.7887409042459305e-08 0 0 0 4.6934449602514364e-08 4.6934449602514364e-08 3.8004131822782043e-08 3.8004131822782043e-08 3.8388011942204086e-08 0 0 4.1185966229091904e-08 4.1185966229091904e-08 0 4.5085045019721376e-08 4.5085045019721376e-08 0 0 0 0 0 0 0 0 4.6465105106489217e-08 4.6465105106489217e-08 4.9851767594224447e-08 5.0355320802246913e-08 0 0 0 0 0 5.1377737784151535e-08 5.1377737784151535e-08 5.1896704832476299e-08 0 0 0 0 0 0 0 0 0 1 1 60 60 0 0 0 0 0 0 0 0 0 0 0 0 0 0 0 0 0 0 0 0 0 0 0 0 0 0 0 0 0 0 0 0 0 0 0 0 0 0 0 0 0 0 0 0 0 0 0 0 0 0 0 0 0 0 0 0 0 0 0 0 21 minuteFrequencyVector 6
30
31 24 0 0 0 0 0 0 0 0 0 0 1.5246854286942071 0.76234271434710354 0 0.76234271434710354 0 0 0 0 0 0 0 1.5246854286942071 1.5246854286942071 0 0 2 1 24 24 0 0 0 0 0 0 0 0 0 0 0 0 0 0 0 0 0 0 0 0 0 0 0 0 19 hourFrequencyVector 6 2#3579 0 3 131589 2 0 3
32
33 60 0 3.1941859162728042e-07 3.8673658053769177e-07 3.2590408287652326e-07 3.2919604330961945e-07 3.3252125586830249e-07 3.3588005643262881e-07 3.3927278427538262e-07 3.426997820963461e-07 9.2487269432940188e-07 1.1766562139240521e-06 1.1885416302263153e-06 1.2005471012387024e-06 1.2126738396350529e-06 7.7454944988582205e-07 5.2583982592904983e-07 2.7461798354847056e-07 2.7739190257421268e-07 2.8019384098405321e-07 2.8302408180207396e-07 2.8486530002276214e-07 2.8774272729571932e-07 2.9064921949062557e-07 2.9358507019255106e-07 2.9655057595207177e-07 2.9954603631522403e-07 3.0257175385376167e-07 3.0562803419571885e-07 3.0871518605628167e-07 3.1183352126897136e-07 3.1498335481714282e-07 3.1816500486580085e-07 3.2137879279373821e-07 6.1991666017911397e-07 3.2790408406666489e-07 3.9595517429959584e-07 3.999547215147433e-07 4.0399466819671043e-07 4.0807542242091963e-07 4.1219739638476729e-07 4.1636100644925987e-07 4.2056667318107057e-07 4.2481482139502077e-07 4.2910588019699069e-07 7.5025456822326718e-07 1.0746471823912209e-06 5.2314945446085437e-07 2.0518689390903055e-07 2.0725948879700055e-07 2.0935301898686924e-07 2.1146769594633256e-07 2.136037332791238e-07 2.157613467465897e-07 5.4118765276515461e-07 9.4747791787100607e-07 9.5704840188990513e-07 9.6671555746455055e-07 9.7648036107530367e-07 6.4643814126264283e-07 6.5640120994007625e-07 6.6303152519199627e-07 1 1 60 60 0 0 0 0 0 0 0 0 0 0 0 0 0 0 0 0 0 0 0 0 0 0 0 0 0 0 0 0 0 0 0 0 0 0 0 0 0 0 0 0 0 0 0 0 0 0 0 0 0 0 0 0 0 0 0 0 0 0 0 0 21 minuteFrequencyVector 6
34
35 24 0 0 0 0 0 0 0 0 0 0 0 0 3.9680714182182775 0 19.820910573024683 14.623119338839894 0.77004314580515509 0 0 0 13.207484464733447 0 0 0 0 2 1 24 24 0 0 0 0 0 0 0 0 0 0 0 0 0 0 0 0 0 0 0 0 0 0 0 0 19 hourFrequencyVector 6 2#3579