22 serialization::archive 9 0 0 1 2 13911 0 0 2 0 3 21 MinuteFrequencyVector 1 0
0 1 0
1 60 0 0 0 0.0012389095537034477 0.0012389095537034477 0.0012514237916196442 0 0 0 0.00078817627661200134 0.00078817627661200134 0 0 0.00094447367200084498 0.0069788864338721926 0.0069788864338721926 0 0 0.0012265204581664133 0.0012265204581664133 0.0012640644359794386 0 0.0012768327636155945 0.0021571439452980532 0.0021700412459406382 0.0013027576406648245 0.0013027576406648245 0 0 0 0 0.001315916808752348 0.0022141018732176701 0.00089818506446531971 0.00083716717459573044 0.00083716717459573044 0 0.0013292088977296444 0.0013292088977296444 0.010048498680275459 0.008705863430043502 0.010149998666944908 0.0013561972224565293 0.0013698961842995246 0.0013837335194944694 0.0013977106257519892 0 0 0 0 0.00091642185946874774 0.00091642185946874774 0.00092567864592802806 0.00092567864592802806 0 0.00080417944761963203 0 0 0 0 0 1 1 60 60 0 0 0 0 0 0 0 0 0 0 0 0 0 0 0 0 0 0 0 0 0 0 0 0 0 0 0 0 0 0 0 0 0 0 0 0 0 0 0 0 0 0 0 0 0 0 0 0 0 0 0 0 0 0 0 0 0 0 0 0 21 minuteFrequencyVector 6 19 HourFrequencyVector 1 0
2
3 24 0 0 0 0 0 0 0 0 0 0 0 0.87752102299896784 0 0 2.6414269177140652 1.7910382704826087 0 0.87752102299896784 0 0.87752102299896784 0.91351724748364072 0 0.88638487171612912 0 0 2 1 24 24 0 0 0 0 0 0 0 0 0 0 0 0 0 1 1 0 0 0 0 1 0 1 0 0 19 hourFrequencyVector 7 1#15711 1 3 121412 2 0 3
4
5 60 0 0 0 0 0 0 0 0 0 0 0 0 0 0 0 0 0 0 0 0.0012640644359794386 0 0 0.0012768327636155945 0.0012768327636155945 0 0 0 0 0 0 0 0.001315916808752348 0.001315916808752348 0 0 0 0 0 0 0 0 0 0 0 0.0013977106257519892 0.0013977106257519892 0 0 0 0 0 0 0 0 0 0 0 0 0 0 0 1 1 60 60 0 0 0 0 0 0 0 0 0 0 0 0 0 0 0 0 0 0 0 0 0 0 0 0 0 0 0 0 0 0 0 0 0 0 0 0 0 0 0 0 0 0 0 0 0 0 0 0 0 0 0 0 0 0 0 0 0 0 0 0 21 minuteFrequencyVector 6
6
7 24 0 0 0 0 0 0 0 0 0 0 0 0 0 0 2.6591546151483874 0 0 0 0 0 0 0 0 0 0 2 1 24 24 0 0 0 0 0 0 0 0 0 0 0 0 0 1 0 0 0 0 0 0 0 0 0 0 19 hourFrequencyVector 7 2#13911 1 3 15678 2 0 3
8
9 60 0 0 0 0 0 0 0 0.00077249156870742245 0.00077249156870742245 0 0.00079613765314343575 0.00079613765314343575 0 0 0.0018168067992688412 0.0009540138101018636 0 0 0.00082050754782127537 0.00082050754782127537 0 0 0 0 0 0 0 0 0 0 0 0 0 0 0 0 0.0008541650592753091 0.0008541650592753091 0 0 0 0 0 0 0 0 0 0.00090725764087406027 0.00090725764087406027 0 0 0 0 0 0 0 0 0 0 0 0 1 1 60 60 0 0 0 0 0 0 0 0 0 0 0 0 0 0 0 0 0 0 0 0 0 0 0 0 0 0 0 0 0 0 0 0 0 0 0 0 0 0 0 0 0 0 0 0 0 0 0 0 0 0 0 0 0 0 0 0 0 0 0 0 21 minuteFrequencyVector 6
10
11 24 0 0 0 0 0 0 0 0 0 0 0 0.87752102299896784 0.87752102299896784 0 1.7550420459979357 0.87752102299896784 0 1.7550420459979357 0 0 0 0 0 0 0 2 1 24 24 0 0 0 0 0 0 0 0 0 0 0 0 0 1 1 0 0 0 0 0 0 0 0 0 19 hourFrequencyVector 6 2#3579 1 1 15711 2 0 3
12
13 60 0 0 0 0.0012389095537034477 0.0012389095537034477 0.0012514237916196442 0 0.00077249156870742245 0.00077249156870742245 0.00078029451384588127 0.00078817627661200134 0.00079613765314343575 0 0.00094447367200084498 0.00784167942303916 0.00784167942303916 0 0 0.0020470280059876889 0.0020470280059876889 0.0012640644359794386 0 0.0021483408334812318 0.0021483408334812318 0.0021700412459406382 0.0013027576406648245 0.0013027576406648245 0 0 0 0 0.001315916808752348 0.0022141018732176701 0.00082879550284977311 0.00082879550284977311 0.00083716717459573044 0.000845623408682556 0.0021833739570049503 0.0022184121115503114 0.010937701894096137 0.008705863430043502 0.010149998666944908 0.0013561972224565293 0.0013698961842995246 0.0013837335194944694 0.0013977106257519892 0 0.00090725764087406027 0.00090725764087406027 0 0.00091642185946874774 0.00091642185946874774 0.00092567864592802806 0.00092567864592802806 0.00093502893528083647 0.00080417944761963203 0.00080417944761963203 0 0 0 0 1 1 60 60 0 0 0 0 0 0 0 0 0 0 0 0 0 0 0 0 0 0 0 0 0 0 0 0 0 0 0 0 0 0 0 0 0 0 0 0 0 0 0 0 0 0 0 0 0 0 0 0 0 0 0 0 0 0 0 0 0 0 0 0 21 minuteFrequencyVector 6
14
15 24 0 0 0 0 0 0 0 0 0 0 0 0.87752102299896784 0.87752102299896784 0.87752102299896784 0.87752102299896784 0.87752102299896784 0 0.87752102299896784 0 0.87752102299896784 0.91351724748364072 0 0.88638487171612912 0 0 2 1 24 24 0 0 0 0 0 0 0 0 0 0 1 1 1 1 1 0 1 0 1 1 0 1 0 0 19 hourFrequencyVector 0  0 3 1413910 2 0 3
16
17 60 0 0 0 0.0012389095537034477 0.0012389095537034477 0 0 0 0 0.00078817627661200134 0.00078817627661200134 0 0 0.00094447367200084498 0 0 0 0 0 0 0 0 0 0.00088031118168245992 0.00088031118168245992 0.0013027576406648245 0.0013027576406648245 0 0 0 0 0 0.00089818506446531971 0.00089818506446531971 0.00083716717459573044 0.00083716717459573044 0 0.0013292088977296444 0.0013292088977296444 0.008705863430043502 0.008705863430043502 0.0013561972224565293 0.0013561972224565293 0.0013698961842995246 0 0 0 0 0 0 0.00091642185946874774 0.00091642185946874774 0.00092567864592802806 0.00092567864592802806 0 0.00080417944761963203 0 0 0 0 0 1 1 60 60 0 0 0 0 0 0 0 0 0 0 0 0 0 0 0 0 0 0 0 0 0 0 0 0 0 0 0 0 0 0 0 0 0 0 0 0 0 0 0 0 0 0 0 0 0 0 0 0 0 0 0 0 0 0 0 0 0 0 0 0 21 minuteFrequencyVector 6
18
19 24 0 0 0 0 0 0 0 0 0 0 0 0.87752102299896784 0 0 4.414196661146323 0.87752102299896784 0 0.87752102299896784 0 0.87752102299896784 0.91351724748364072 0 0 0 0 2 1 24 24 0 0 0 0 0 0 0 0 0 0 0 0 0 0 0 0 0 0 0 0 0 0 0 0 19 hourFrequencyVector 7 2#13911 1 3 12141011 2 0 3
20
21 60 0 0 0 0 0.0012514237916196442 0.0012514237916196442 0 0 0 0 0 0 0 0 0 0 0 0 0 0 0 0 0.0012768327636155945 0 0 0 0 0 0 0 0 0.001315916808752348 0 0 0 0 0 0 0.0013426352502319641 0.0013426352502319641 0.0087938014444883857 0.0087938014444883857 0 0.0013837335194944694 0.0013837335194944694 0 0 0 0 0 0 0 0 0 0 0 0 0 0 0 0 1 1 60 60 0 0 0 0 0 0 0 0 0 0 0 0 0 0 0 0 0 0 0 0 0 0 0 0 0 0 0 0 0 0 0 0 0 0 0 0 0 0 0 0 0 0 0 0 0 0 0 0 0 0 0 0 0 0 0 0 0 0 0 0 21 minuteFrequencyVector 6
22
23 24 0 0 0 0 0 0 0 0 0 0 0 0 0 0 2.6591546151483874 0 0 0 0 0 0.91351724748364072 0 0 0 0 2 1 24 24 0 0 0 0 0 0 0 0 0 0 0 0 0 0 0 0 0 0 0 1 0 0 0 0 19 hourFrequencyVector 7 2#13911 1 2 3579 2 0 3
24
25 60 0 0 0 0 0 0 0 0.00077249156870742245 0.00077249156870742245 0.00078029451384588127 0.00079613765314343575 0.00079613765314343575 0 0.00094447367200084498 0.0018072666611678243 0.0018168067992688412 0 0 0.00082050754782127537 0.00082050754782127537 0 0 0.00087150806986563531 0.00087150806986563531 0 0 0 0 0 0 0 0 0.00089818506446531971 0.00082879550284977311 0.00082879550284977311 0.000845623408682556 0.000845623408682556 0.0008541650592753091 0.00088920321382066655 0.00088920321382066655 0 0 0 0 0 0 0 0.00090725764087406027 0.00090725764087406027 0 0.00091642185946874774 0 0.00092567864592802806 0 0.00093502893528083647 0.0017392083829004671 0.00080417944761963203 0 0 0 0 1 1 60 60 0 0 0 0 0 0 0 0 0 0 0 0 0 0 0 0 0 0 0 0 0 0 0 0 0 0 0 0 0 0 0 0 0 0 0 0 0 0 0 0 0 0 0 0 0 0 0 0 0 0 0 0 0 0 0 0 0 0 0 0 21 minuteFrequencyVector 6
26
27 24 0 0 0 0 0 0 0 0 0 0 0 0.87752102299896784 0.87752102299896784 0.87752102299896784 5.265126137993807 0.87752102299896784 0 1.7550420459979357 0 0.87752102299896784 0 0 0 0 0 2 1 24 24 0 0 0 0 0 0 0 0 0 0 0 0 0 1 1 0 0 0 0 0 0 0 0 0 19 hourFrequencyVector 7 1#15711 0 3 231314 2 0 3
28
29 60 0 0 0 0.0012389095537034477 0 0 0 0 0 0 0 0 0 0 0.0069788864338721926 0.0069788864338721926 0 0 0.0012265204581664133 0.0024905848941458538 0.0012640644359794386 0 0 0.0012897300642581763 0.0012897300642581763 0 0 0 0 0 0 0 0 0 0 0 0 0 0 0.008705863430043502 0 0.0013561972224565293 0 0 0 0 0 0 0 0 0 0 0 0 0 0 0 0 0 0 0 1 1 60 60 0 0 0 0 0 0 0 0 0 0 0 0 0 0 0 0 0 0 0 0 0 0 0 0 0 0 0 0 0 0 0 0 0 0 0 0 0 0 0 0 0 0 0 0 0 0 0 0 0 0 0 0 0 0 0 0 0 0 0 0 21 minuteFrequencyVector 6
30
31 24 0 0 0 0 0 0 0 0 0 0 0 0 0 0 1.7727697434322582 0.91351724748364072 0 0 0 0 0.91351724748364072 0 0.88638487171612912 0 0 2 1 24 24 0 0 0 0 0 0 0 0 0 0 0 0 0 0 0 0 0 0 0 0 0 0 0 0 19 hourFrequencyVector 7 2#13911 0 3 131589 2 0 3
32
33 60 0 0 0 0 0 0 0 0 0.00078029451384588127 0.00078029451384588127 0.00079613765314343575 0 0 0.00094447367200084498 0.0018072666611678243 0.00086279298916697893 0 0 0.00082050754782127537 0 0 0 0.00087150806986563531 0.00087150806986563531 0 0 0 0 0 0 0 0 0.00089818506446531971 0.00082879550284977311 0.00082879550284977311 0.000845623408682556 0.000845623408682556 0 0.00088920321382066655 0.00088920321382066655 0 0 0 0 0 0 0 0.00090725764087406027 0 0 0.00091642185946874774 0 0.00092567864592802806 0 0.00093502893528083647 0.0017392083829004671 0.00080417944761963203 0 0 0 0 1 1 60 60 0 0 0 0 0 0 0 0 0 0 0 0 0 0 0 0 0 0 0 0 0 0 0 0 0 0 0 0 0 0 0 0 0 0 0 0 0 0 0 0 0 0 0 0 0 0 0 0 0 0 0 0 0 0 0 0 0 0 0 0 21 minuteFrequencyVector 6
34
35 24 0 0 0 0 0 0 0 0 0 0 0 0.87752102299896784 0.87752102299896784 0.87752102299896784 6.1426471609927749 0.87752102299896784 0 1.7550420459979357 0 0.87752102299896784 0 0 0 0 0 2 1 24 24 0 0 0 0 0 0 0 0 0 0 0 0 0 0 0 0 0 0 0 0 0 0 0 0 19 hourFrequencyVector 6 2#3579