22 serialization::archive 9 0 0 1 3 341513 0 0 2 0 3 21 MinuteFrequencyVector 1 0
0 1 0
1 60 0 0 0 0 0 0 0 0 0.94148014940099989 0.94148014940099989 0 0 0 0 0 0 0 0 0 0.87752102299896784 0.87752102299896784 0 0 0 0 0 0 0 0 0 0 0 0 0 0 0 0 0 0 0 0 0 0 0.95099004989999991 0.95099004989999991 0.96059600999999994 0.97029899999999991 0.98009999999999997 0.98999999999999999 0 0 0.86005835464128833 0.86005835464128833 0.86874581276897811 0.89533825425871627 0.89533825425871627 0.9043820750088043 0.91351724748364072 0.92274469442791995 0.93206534790698992 0 1 1 60 60 0 0 0 0 0 0 0 1 1 0 0 0 0 0 0 0 0 0 1 1 0 0 0 0 0 0 0 0 0 0 0 0 0 0 0 0 0 0 0 0 0 0 1 1 1 1 1 1 0 0 1 1 1 1 1 1 1 1 1 0 21 minuteFrequencyVector 6 19 HourFrequencyVector 1 0
2
3 24 0 0 0 0 0 0 0 0 0 0 0 1 0 0 1 1 1 0 0 0 0 0 0 0 0 2 1 24 24 0 0 0 0 0 0 0 0 0 0 1 0 0 1 1 1 0 0 0 0 0 0 0 0 19 hourFrequencyVector 6 2#3579 1 1 15711 2 0 3
4
5 60 0 0 0 0 0 0 0 0 0.94148014940099989 0.94148014940099989 0 0 0 0 0 0 0 0 0 0.87752102299896784 0.87752102299896784 0 0 0 0 0 0 0 0 0 0 0 0 0 0 0 0 0 0 0 0 0 0 0.95099004989999991 0.95099004989999991 0.96059600999999994 0.97029899999999991 0.98009999999999997 0.98999999999999999 0 0 0.86005835464128833 0.86005835464128833 0.86874581276897811 0.89533825425871627 0.89533825425871627 0.9043820750088043 0.91351724748364072 0.92274469442791995 0.93206534790698992 0 1 1 60 60 0 0 0 0 0 0 0 1 1 0 0 0 0 0 0 0 0 0 1 1 0 0 0 0 0 0 0 0 0 0 0 0 0 0 0 0 0 0 0 0 0 0 1 1 1 1 1 1 0 0 1 1 1 1 1 1 1 1 1 0 21 minuteFrequencyVector 6
6
7 24 0 0 0 0 0 0 0 0 0 0 0 1 0 0 1 1 1 0 0 0 0 0 0 0 0 2 1 24 24 0 0 0 0 0 0 0 0 0 0 1 0 0 1 1 1 0 0 0 0 0 0 0 0 19 hourFrequencyVector 0  1 2 3579 2 0 3
8
9 60 0 0 0 0 0 0 0 0 0.94148014940099989 0.94148014940099989 0 0 0 0 0 0 0 0 0 0.87752102299896784 0.87752102299896784 0 0 0 0 0 0 0 0 0 0 0 0 0 0 0 0 0 0 0 0 0 0 0.95099004989999991 0.95099004989999991 0.96059600999999994 0.97029899999999991 0.98009999999999997 0.98999999999999999 0 0 0.86005835464128833 0.86005835464128833 0.86874581276897811 0.89533825425871627 0.89533825425871627 0.9043820750088043 0.91351724748364072 0.92274469442791995 0.93206534790698992 0 1 1 60 60 0 0 0 0 0 0 0 1 1 0 0 0 0 0 0 0 0 0 1 1 0 0 0 0 0 0 0 0 0 0 0 0 0 0 0 0 0 0 0 0 0 0 1 1 1 1 1 1 0 0 1 1 1 1 1 1 1 1 1 0 21 minuteFrequencyVector 6
10
11 24 0 0 0 0 0 0 0 0 0 0 0 1 0 0 1 1 1 0 0 0 0 0 0 0 0 2 1 24 24 0 0 0 0 0 0 0 0 0 0 1 0 0 1 1 1 0 0 0 0 0 0 0 0 19 hourFrequencyVector 7 1#15711