启动查询节点所处区域程序：
sumo.db 已经存在
查询区域151721是否包含点:116.295037,0.000904
节点属于该区域151721
查询区域134123是否包含点:116.295037,0.000904
节点属于该区域134123
查询区域122524是否包含点:116.295037,0.000904
查询区域232625是否包含点:116.295037,0.000904
查询区域24254023是否包含点:116.295037,0.000904
节点属于该区域24254023
191321  151721  134123  24254023  
GetAdminAreaService所在的位置和上次所在的位置一样
191321  151721  134123  24254023  
GetAdminAreaService所在的位置和上次所在的位置一样
191321  151721  134123  24254023  
GetAdminAreaService所在的位置和上次所在的位置一样
191321  151721  134123  24254023  
GetAdminAreaService所在的位置和上次所在的位置一样
191321  151721  134123  24254023  
GetAdminAreaService所在的位置和上次所在的位置一样
191321  151721  134123  24254023  
GetAdminAreaService所在的位置和上次所在的位置一样
191321  151721  134123  24254023  
GetAdminAreaService所在的位置和上次所在的位置一样
191321  151721  134123  24254023  
GetAdminAreaService所在的位置和上次所在的位置一样
191321  151721  134123  24254023  
GetAdminAreaService所在的位置和上次所在的位置一样
191321  151721  134123  24254023  
GetAdminAreaService所在的位置和上次所在的位置一样
191321  151721  134123  24254023  
GetAdminAreaService所在的位置和上次所在的位置一样
191321  151721  134123  24254023  
GetAdminAreaService所在的位置和上次所在的位置一样
191321  151721  134123  24254023  
GetAdminAreaService所在的位置和上次所在的位置一样
191321  151721  134123  24254023  
GetAdminAreaService所在的位置和上次所在的位置一样
191321  151721  134123  24254023  
GetAdminAreaService所在的位置和上次所在的位置一样
191321  151721  134123  24254023  
GetAdminAreaService所在的位置和上次所在的位置一样
191321  151721  134123  24254023  
GetAdminAreaService所在的位置和上次所在的位置一样
191321  151721  134123  24254023  
GetAdminAreaService所在的位置和上次所在的位置一样
191321  151721  134123  24254023  
GetAdminAreaService所在的位置和上次所在的位置一样
191321  151721  134123  24254023  
GetAdminAreaService所在的位置和上次所在的位置一样
191321  151721  134123  24254023  
GetAdminAreaService所在的位置和上次所在的位置一样
191321  151721  134123  24254023  
GetAdminAreaService所在的位置和上次所在的位置一样
191321  151721  134123  24254023  
GetAdminAreaService所在的位置和上次所在的位置一样
191321  151721  134123  24254023  
GetAdminAreaService所在的位置和上次所在的位置一样
191321  151721  134123  24254023  
GetAdminAreaService所在的位置和上次所在的位置一样
191321  151721  134123  24254023  
GetAdminAreaService所在的位置和上次所在的位置一样
191321  151721  134123  24254023  
GetAdminAreaService所在的位置和上次所在的位置一样
191321  151721  134123  24254023  
GetAdminAreaService所在的位置和上次所在的位置一样
191321  151721  134123  24254023  
GetAdminAreaService所在的位置和上次所在的位置一样
191321  151721  134123  24254023  
GetAdminAreaService所在的位置和上次所在的位置一样
191321  151721  134123  24254023  
GetAdminAreaService所在的位置和上次所在的位置一样
191321  151721  134123  24254023  
GetAdminAreaService所在的位置和上次所在的位置一样
191321  151721  134123  24254023  
GetAdminAreaService所在的位置和上次所在的位置一样
191321  151721  134123  24254023  
GetAdminAreaService所在的位置和上次所在的位置一样
191321  151721  134123  24254023  
GetAdminAreaService所在的位置和上次所在的位置一样
191321  151721  134123  24254023  
GetAdminAreaService所在的位置和上次所在的位置一样
191321  151721  134123  24254023  
GetAdminAreaService所在的位置和上次所在的位置一样
191321  151721  134123  24254023  
GetAdminAreaService所在的位置和上次所在的位置一样
191321  151721  134123  24254023  
GetAdminAreaService所在的位置和上次所在的位置一样
191321  151721  134123  24254023  
GetAdminAreaService所在的位置和上次所在的位置一样
191321  151721  134123  24254023  
GetAdminAreaService所在的位置和上次所在的位置一样
191321  151721  134123  24254023  
GetAdminAreaService所在的位置和上次所在的位置一样
191321  151721  134123  24254023  
GetAdminAreaService所在的位置和上次所在的位置一样
191321  151721  134123  24254023  
GetAdminAreaService所在的位置和上次所在的位置一样
191321  151721  134123  24254023  
GetAdminAreaService所在的位置和上次所在的位置一样
191321  151721  134123  24254023  
GetAdminAreaService所在的位置和上次所在的位置一样
191321  151721  134123  24254023  
GetAdminAreaService所在的位置和上次所在的位置一样
191321  151721  134123  24254023  
GetAdminAreaService所在的位置和上次所在的位置一样
191321  151721  134123  24254023  
GetAdminAreaService所在的位置和上次所在的位置一样
191321  151721  134123  24254023  
GetAdminAreaService所在的位置和上次所在的位置一样
191321  151721  134123  24254023  
____________________________________
接收到区域id:31101132
它的父区域为:31101132 791145 591317 191321 
____________________________________
GetAdminAreaService所在的位置和上次所在的位置一样
191321  151721  134123  24254023  
GetAdminAreaService所在的位置和上次所在的位置一样
191321  151721  134123  24254023  
GetAdminAreaService所在的位置和上次所在的位置一样
191321  151721  134123  24254023  
GetAdminAreaService所在的位置和上次所在的位置一样
191321  151721  134123  24254023  
GetAdminAreaService所在的位置和上次所在的位置一样
191321  151721  134123  24254023  
GetAdminAreaService所在的位置和上次所在的位置一样
191321  151721  134123  24254023  
GetAdminAreaService所在的位置和上次所在的位置一样
191321  151721  134123  24254023  
GetAdminAreaService所在的位置和上次所在的位置一样
191321  151721  134123  24254023  
GetAdminAreaService所在的位置和上次所在的位置一样
191321  151721  134123  24254023  
GetAdminAreaService所在的位置和上次所在的位置一样
191321  151721  134123  24254023  
GetAdminAreaService所在的位置和上次所在的位置一样
191321  151721  134123  24254023  
GetAdminAreaService所在的位置和上次所在的位置一样
191321  151721  134123  24254023  
GetAdminAreaService所在的位置和上次所在的位置一样
191321  151721  134123  24254023  
GetAdminAreaService所在的位置和上次所在的位置一样
191321  151721  134123  24254023  
GetAdminAreaService所在的位置和上次所在的位置一样
191321  151721  134123  24254023  
GetAdminAreaService所在的位置和上次所在的位置一样
191321  151721  134123  24254023  
GetAdminAreaService所在的位置和上次所在的位置一样
191321  151721  134123  24254023  
GetAdminAreaService所在的位置和上次所在的位置一样
191321  151721  134123  24254023  
GetAdminAreaService所在的位置和上次所在的位置一样
191321  151721  134123  24254023  
GetAdminAreaService所在的位置和上次所在的位置一样
191321  151721  134123  24254023  
GetAdminAreaService所在的位置和上次所在的位置一样
191321  151721  134123  24254023  
GetAdminAreaService所在的位置和上次所在的位置一样
191321  151721  134123  24254023  
GetAdminAreaService所在的位置和上次所在的位置一样
191321  151721  134123  24254023  
GetAdminAreaService所在的位置和上次所在的位置一样
191321  151721  134123  24254023  
GetAdminAreaService所在的位置和上次所在的位置一样
191321  151721  134123  24254023  
GetAdminAreaService所在的位置和上次所在的位置一样
191321  151721  134123  24254023  
GetAdminAreaService所在的位置和上次所在的位置一样
191321  151721  134123  24254023  
GetAdminAreaService所在的位置和上次所在的位置一样
191321  151721  134123  24254023  
GetAdminAreaService所在的位置和上次所在的位置一样
191321  151721  134123  24254023  
GetAdminAreaService所在的位置和上次所在的位置一样
191321  151721  134123  24254023  
GetAdminAreaService所在的位置和上次所在的位置一样
191321  151721  134123  24254023  
GetAdminAreaService所在的位置和上次所在的位置一样
191321  151721  134123  24254023  
